{
 "cells": [
  {
   "cell_type": "code",
   "execution_count": 34,
   "id": "0b30c61e-6f07-4173-ba94-6177df6aaf9b",
   "metadata": {},
   "outputs": [
    {
     "name": "stdout",
     "output_type": "stream",
     "text": [
      "Means: [ 1.01277839  4.52863965  1.98990172 -1.17391554]\n",
      "Covariance Matrix:\n",
      " [[ 9.63461496e-01  3.36840170e+00 -1.12846545e-02 -5.12464592e-02]\n",
      " [ 3.36840170e+00  1.27550651e+01 -9.26050108e-02 -8.56265759e-02]\n",
      " [-1.12846545e-02 -9.26050108e-02  9.70507183e-01 -2.46328945e+00]\n",
      " [-5.12464592e-02 -8.56265759e-02 -2.46328945e+00  7.25484316e+00]]\n",
      "Standard Deviations: [0.98156075 3.5714234  0.98514323 2.69348161]\n",
      "Correlation Matrix:\n",
      " [[ 1.          0.9608716  -0.01167002 -0.01938352]\n",
      " [ 0.9608716   1.         -0.02632048 -0.0089013 ]\n",
      " [-0.01167002 -0.02632048  1.         -0.9283293 ]\n",
      " [-0.01938352 -0.0089013  -0.9283293   1.        ]]\n",
      "Log-probability: [-1405.27079403]\n",
      "Regression Coefficients: [ 3.49205536 -0.16036643 -0.04158602]\n"
     ]
    }
   ],
   "source": [
    "import numpy as np\n",
    "from scipy.stats import norm\n",
    "\n",
    "# Set random seed for reproducibility\n",
    "np.random.seed(37)\n",
    "\n",
    "# Generate sample data\n",
    "N = 1000\n",
    "x1 = np.random.normal(1, 1, N)\n",
    "x2 = np.random.normal(1 + 3.5 * x1, 1, N)  # x2 dependent on x1\n",
    "x3 = np.random.normal(2, 1, N)\n",
    "x4 = np.random.normal(3.8 - 2.5 * x3, 1, N)  # x4 dependent on x3\n",
    "\n",
    "# Combine data into a single array\n",
    "data = np.vstack([x1, x2, x3, x4]).T\n",
    "\n",
    "# Calculate statistical properties of the dataset\n",
    "means = data.mean(axis=0)\n",
    "cov = np.cov(data.T)  # Covariance matrix\n",
    "std = np.sqrt(np.diag(cov))  # Standard deviations\n",
    "cor = np.corrcoef(data.T)  # Correlation matrix\n",
    "\n",
    "# Display key statistical properties\n",
    "print('Means:', means)\n",
    "print('Covariance Matrix:\\n', cov)\n",
    "print('Standard Deviations:', std)\n",
    "print('Correlation Matrix:\\n', cor)\n",
    "\n",
    "# Function to partition means into two subsets\n",
    "def partition_means(index_1, means, index_2=None):\n",
    "    index_2 = [i for i in range(len(means)) if i not in index_1] if index_2 is None else index_2\n",
    "    m_1, m_2 = means[index_1], means[index_2]\n",
    "    return m_1, m_2\n",
    "\n",
    "# Function to partition covariance matrix into blocks\n",
    "def partition_cov(index_1, cov, index_2=None):\n",
    "    index_2 = [i for i in range(cov.shape[1]) if i not in index_1] if index_2 is None else index_2\n",
    "    s_11 = cov[index_1][:, index_1]  # Covariance of subset 1\n",
    "    s_12 = cov[index_1][:, index_2]  # Cross-covariance between subset 1 and 2\n",
    "    s_21 = cov[index_2][:, index_1]  # Cross-covariance between subset 2 and 1\n",
    "    s_22 = cov[index_2][:, index_2]  # Covariance of subset 2\n",
    "    return s_11, s_12, s_21, np.linalg.inv(s_22)\n",
    "\n",
    "# Function to partition data vector x into two subsets\n",
    "def partition_x(index_1, x, index_2=None):\n",
    "    index_2 = [i for i in range(len(x)) if i not in index_1] if index_2 is None else index_2\n",
    "    x_1 = x[index_1]\n",
    "    x_2 = x[index_2]\n",
    "    return x_1, x_2\n",
    "\n",
    "# Function to compute the log probability for the conditional distribution\n",
    "def get_log_proba(index_1, data, means, cov, index_2=None, zero=1e-6):\n",
    "    \"\"\"\n",
    "    Calculates the log-probability of x_a given x_b based on the conditional \n",
    "    multivariate normal distribution: P(x_a | x_b).\n",
    "    \n",
    "    :param index_1: Indices corresponding to x_a (subset 1)\n",
    "    :param data: Dataset (N samples x M variables)\n",
    "    :param means: Mean vector of the full dataset\n",
    "    :param cov: Covariance matrix of the full dataset\n",
    "    :param index_2: Optional indices corresponding to x_b (subset 2)\n",
    "    :param zero: Small threshold for log computation to avoid log(0)\n",
    "    :return: Sum of log-probabilities for all data points and the regression coefficients\n",
    "    \"\"\"\n",
    "    # Partition means and covariance matrix\n",
    "    m_1, m_2 = partition_means(index_1, means, index_2)\n",
    "    s_11, s_12, s_21, s_22 = partition_cov(index_1, cov, index_2)\n",
    "    \n",
    "    # Conditional variance and inverse covariance\n",
    "    conditional_variance = (s_11 - s_12.dot(s_22).dot(s_21))[0, 0]\n",
    "\n",
    "    log_proba = []\n",
    "    for x in data:\n",
    "        # Partition the data vector into x_a and x_b\n",
    "        x_1, x_2 = partition_x(index_1, x, index_2)\n",
    "        \n",
    "        # Conditional mean of x_a given x_b\n",
    "        conditional_mean = (m_1 + s_12.dot(s_22).dot((x_2 - m_2).T))[0]\n",
    "        \n",
    "        # Compute normal PDF for x_a given the conditional distribution\n",
    "        p = norm.pdf(x_1, loc=conditional_mean, scale=np.sqrt(conditional_variance))\n",
    "        log_p = np.log(p) if p >= zero else 0.0  # Avoid log(0)\n",
    "        log_proba.append(log_p)\n",
    "\n",
    "    return sum(log_proba), s_12.dot(s_22)[0]\n",
    "\n",
    "# Example usage for conditional probability: P(x2 | x1)\n",
    "index_1 = [1]  # Index of x2\n",
    "log_probability, regression_coefficients = get_log_proba(index_1, data, means, cov)\n",
    "\n",
    "print('Log-probability:', log_probability)\n",
    "print('Regression Coefficients:', regression_coefficients)\n"
   ]
  },
  {
   "cell_type": "code",
   "execution_count": null,
   "id": "67db353b-dd36-49d2-8899-44ac4c0ca12c",
   "metadata": {},
   "outputs": [],
   "source": []
  }
 ],
 "metadata": {
  "kernelspec": {
   "display_name": "Python 3 (ipykernel)",
   "language": "python",
   "name": "python3"
  },
  "language_info": {
   "codemirror_mode": {
    "name": "ipython",
    "version": 3
   },
   "file_extension": ".py",
   "mimetype": "text/x-python",
   "name": "python",
   "nbconvert_exporter": "python",
   "pygments_lexer": "ipython3",
   "version": "3.11.7"
  }
 },
 "nbformat": 4,
 "nbformat_minor": 5
}
